acc-p0: 0.9048110287911469 +- 0.0
acc-p1: 0.9048110287911469 +- 0.0
acc-p2: 0.9048110287911469 +- 0.0
acc-p3: 0.9048110287911469 +- 0.0
f1-p0: 0.0 +- 0.0
f1-p1: 0.0 +- 0.0
f1-p2: 0.0 +- 0.0
f1-p3: 0.0 +- 0.0
f1-macro-p0: 0.47501353946137564 +- 0.0
f1-macro-p1: 0.47501353946137564 +- 0.0
f1-macro-p2: 0.47501353946137564 +- 0.0
f1-macro-p3: 0.47501353946137564 +- 0.0
acc-all-p: 0.9048110287911469 +- 0.0
f1-all-p: 0.0 +- 0.0
f1-macro-all-p: 0.47501353946137564 +- 0.0
