acc-p0: 0.3833661571165088 +- 0.22408769578506146
acc-p1: 0.5664238748736545 +- 0.2923807453135487
acc-p2: 0.7371856992507841 +- 0.11953999817384776
acc-p3: 0.5573895193139309 +- 0.2563124345876933
f1-p0: 0.19594917162012612 +- 0.016070625009413315
f1-p1: 0.20253332460871268 +- 0.013363870117536956
f1-p2: 0.22810632200316752 +- 0.05407391140335599
f1-p3: 0.24453553015406865 +- 0.04694333924996365
f1-macro-p0: 0.3263823261098532 +- 0.16660260908633462
f1-macro-p1: 0.43077510702678173 +- 0.14132145925077827
f1-macro-p2: 0.5319275869412567 +- 0.05337210092534987
f1-macro-p3: 0.45049650962534793 +- 0.13680799983940892
acc-all-p: 0.5610913126387196 +- 0.23727394064983653
f1-all-p: 0.21778108709651875 +- 0.03780771745961117
f1-macro-all-p: 0.4348953824258099 +- 0.1358269287074314
