acc-p0: 0.9209363635416341 +- 0.0013680222923981853
acc-p1: 0.9212750216220159 +- 0.0036198179984123324
acc-p2: 0.92002459178676 +- 0.006971853050260049
acc-p3: 0.9153615305261183 +- 0.009544400265545587
f1-p0: 0.46935614099355344 +- 0.03439263264744469
f1-p1: 0.48739826375861006 +- 0.09783207743248608
f1-p2: 0.394864688312237 +- 0.18846267005879525
f1-p3: 0.2177771068169619 +- 0.19989767466813013
f1-macro-p0: 0.7133141709079945 +- 0.016884374236851313
f1-macro-p1: 0.7223349150016736 +- 0.0486918339181185
f1-macro-p2: 0.6759657981541902 +- 0.09565189397635018
f1-macro-p3: 0.5865003683324216 +- 0.10228678066313658
acc-all-p: 0.9193993768691321 +- 0.005854913721865988
f1-all-p: 0.3923490499703406 +- 0.16754941318469868
f1-macro-all-p: 0.67452881309907 +- 0.08483036137838335
