acc-p0: 0.9047485072993842 +- 0
f1-p0: 0.0006559527714004591 +- 0
f1-macro-p0: 0.475323462935619 +- 0
acc-all-p: 0.9047485072993842 +- 0
f1-all-p: 0.0006559527714004591 +- 0
f1-macro-all-p: 0.475323462935619 +- 0
